> T-TEST 
           h: 1
           p: 0.000000000000000000261623226955
          ci: 0.00701
            : 0.01050
 stats.tstat: 9.91006
    stats.df: 215
    stats.sd: 0.01298
