> T-TEST 
           h: 1
           p: 0.000000000000000000001928381287
          ci: 0.00726
            : 0.01059
 stats.tstat: 10.55279
    stats.df: 227
    stats.sd: 0.01277
